
    0.31941E+01    0.11610E+01    0.27370E+01    0.97857E+00    0.30138E+01    0.20700E+01    0.13603E+01
    0.31883E+01    0.11614E+01    0.27988E+01    0.97603E+00    0.30517E+01    0.20561E+01    0.13625E+01
    0.31853E+01    0.11612E+01    0.28689E+01    0.97677E+00    0.30842E+01    0.20406E+01    0.13621E+01
    0.31809E+01    0.11617E+01    0.29433E+01    0.98023E+00    0.31114E+01    0.20188E+01    0.13636E+01
    0.31748E+01    0.11619E+01    0.30025E+01    0.98183E+00    0.31342E+01    0.19908E+01    0.13674E+01
    0.31640E+01    0.11618E+01    0.30644E+01    0.97926E+00    0.31541E+01    0.19590E+01    0.13703E+01
    0.31523E+01    0.11616E+01    0.31201E+01    0.98055E+00    0.31747E+01    0.19217E+01    0.13729E+01
    0.31370E+01    0.11614E+01    0.31585E+01    0.98263E+00    0.31884E+01    0.18789E+01    0.13748E+01
    0.31230E+01    0.11614E+01    0.31708E+01    0.98563E+00    0.31865E+01    0.18318E+01    0.13790E+01
    0.31157E+01    0.11614E+01    0.31797E+01    0.98989E+00    0.31857E+01    0.17826E+01    0.13859E+01
    0.31091E+01    0.11617E+01    0.31984E+01    0.99042E+00    0.31895E+01    0.17291E+01    0.13968E+01
    0.31024E+01    0.11621E+01    0.32133E+01    0.98930E+00    0.31872E+01    0.16764E+01    0.14117E+01
    0.30964E+01    0.11621E+01    0.32183E+01    0.99040E+00    0.31817E+01    0.16180E+01    0.14340E+01
    0.30902E+01    0.11623E+01    0.32176E+01    0.99081E+00    0.31679E+01    0.15511E+01    0.14691E+01
    0.30846E+01    0.11627E+01    0.32185E+01    0.99114E+00    0.31529E+01    0.14711E+01    0.15237E+01
    0.30801E+01    0.11628E+01    0.32217E+01    0.99269E+00    0.31479E+01    0.13900E+01    0.15882E+01
    0.30747E+01    0.11626E+01    0.32219E+01    0.99133E+00    0.31383E+01    0.13195E+01    0.16516E+01
    0.30674E+01    0.11626E+01    0.32167E+01    0.98977E+00    0.31281E+01    0.12613E+01    0.17082E+01
    0.30487E+01    0.11628E+01    0.32046E+01    0.98525E+00    0.31083E+01    0.11988E+01    0.17738E+01
    0.30195E+01    0.11635E+01    0.31910E+01    0.98404E+00    0.30767E+01    0.11563E+01    0.18267E+01
    0.29855E+01    0.11644E+01    0.31813E+01    0.98663E+00    0.30496E+01    0.11330E+01    0.18617E+01
    0.29485E+01    0.11653E+01    0.31746E+01    0.99010E+00    0.30257E+01    0.11207E+01    0.18857E+01
    0.29136E+01    0.11662E+01    0.31756E+01    0.99268E+00    0.30048E+01    0.11138E+01    0.19025E+01
    0.28772E+01    0.11675E+01    0.31820E+01    0.99365E+00    0.29813E+01    0.11055E+01    0.19222E+01
    0.28416E+01    0.11687E+01    0.31870E+01    0.99463E+00    0.29641E+01    0.10984E+01    0.19392E+01
    0.28040E+01    0.11698E+01    0.31885E+01    0.99316E+00    0.29476E+01    0.10948E+01    0.19524E+01
    0.27674E+01    0.11709E+01    0.31862E+01    0.99299E+00    0.29296E+01    0.10923E+01    0.19658E+01
    0.27318E+01    0.11719E+01    0.31819E+01    0.99463E+00    0.29096E+01    0.10895E+01    0.19800E+01
    0.26946E+01    0.11736E+01    0.31744E+01    0.99416E+00    0.28941E+01    0.10848E+01    0.19976E+01
    0.26593E+01    0.11755E+01    0.31593E+01    0.99084E+00    0.28743E+01    0.10800E+01    0.20167E+01
    0.26271E+01    0.11769E+01    0.31379E+01    0.98842E+00    0.28501E+01    0.10766E+01    0.20330E+01
    0.25939E+01    0.11782E+01    0.31093E+01    0.98755E+00    0.28234E+01    0.10733E+01    0.20507E+01
    0.25622E+01    0.11794E+01    0.30743E+01    0.98714E+00    0.27960E+01    0.10703E+01    0.20675E+01
    0.25319E+01    0.11807E+01    0.30346E+01    0.98781E+00    0.27737E+01    0.10677E+01    0.20820E+01
    0.25009E+01    0.11821E+01    0.29858E+01    0.98699E+00    0.27519E+01    0.10650E+01    0.20984E+01
    0.24742E+01    0.11832E+01    0.29358E+01    0.98537E+00    0.27270E+01    0.10630E+01    0.21153E+01
    0.24486E+01    0.11845E+01    0.28846E+01    0.98459E+00    0.26972E+01    0.10611E+01    0.21352E+01
    0.24257E+01    0.11860E+01    0.28357E+01    0.98178E+00    0.26681E+01    0.10585E+01    0.21578E+01
    0.23999E+01    0.11880E+01    0.27803E+01    0.98144E+00    0.26327E+01    0.10543E+01    0.21870E+01
    0.23804E+01    0.11897E+01    0.27388E+01    0.98003E+00    0.25974E+01    0.10515E+01    0.22126E+01
    0.23606E+01    0.11917E+01    0.27008E+01    0.97858E+00    0.25565E+01    0.10488E+01    0.22424E+01
    0.23411E+01    0.11936E+01    0.26635E+01    0.97673E+00    0.25170E+01    0.10467E+01    0.22731E+01
    0.23210E+01    0.11949E+01    0.26253E+01    0.97603E+00    0.24754E+01    0.10446E+01    0.23028E+01
    0.23011E+01    0.11969E+01    0.25905E+01    0.97547E+00    0.24313E+01    0.10420E+01    0.23351E+01
    0.22823E+01    0.11987E+01    0.25596E+01    0.97509E+00    0.23856E+01    0.10391E+01    0.23720E+01
    0.22647E+01    0.12004E+01    0.25258E+01    0.97486E+00    0.23406E+01    0.10376E+01    0.24085E+01
    0.22479E+01    0.12018E+01    0.24940E+01    0.97491E+00    0.22894E+01    0.10360E+01    0.24525E+01
    0.22337E+01    0.12028E+01    0.24614E+01    0.97579E+00    0.22377E+01    0.10348E+01    0.24956E+01
    0.22226E+01    0.12034E+01    0.24331E+01    0.97606E+00    0.21838E+01    0.10345E+01    0.25406E+01
    0.22145E+01    0.12042E+01    0.24076E+01    0.97535E+00    0.21286E+01    0.10341E+01    0.25908E+01
    0.22059E+01    0.12047E+01    0.23735E+01    0.97566E+00    0.20725E+01    0.10342E+01    0.26430E+01
    0.21980E+01    0.12051E+01    0.23390E+01    0.97613E+00    0.20225E+01    0.10350E+01    0.26943E+01
    0.21861E+01    0.12063E+01    0.23018E+01    0.97642E+00    0.19783E+01    0.10346E+01    0.27443E+01
    0.21746E+01    0.12079E+01    0.22676E+01    0.97597E+00    0.19327E+01    0.10347E+01    0.27963E+01
    0.21631E+01    0.12091E+01    0.22346E+01    0.97674E+00    0.18914E+01    0.10370E+01    0.28428E+01
    0.21482E+01    0.12101E+01    0.21935E+01    0.97775E+00    0.18555E+01    0.10384E+01    0.28857E+01
    0.21337E+01    0.12116E+01    0.21506E+01    0.97904E+00    0.18256E+01    0.10395E+01    0.29275E+01
    0.21219E+01    0.12126E+01    0.21090E+01    0.98034E+00    0.17988E+01    0.10422E+01    0.29633E+01
    0.21096E+01    0.12132E+01    0.20703E+01    0.98089E+00    0.17687E+01    0.10454E+01    0.29987E+01
    0.20944E+01    0.12149E+01    0.20313E+01    0.98086E+00    0.17416E+01    0.10481E+01    0.30370E+01
    0.20823E+01    0.12161E+01    0.19898E+01    0.98258E+00    0.17127E+01    0.10507E+01    0.30742E+01
    0.20684E+01    0.12177E+01    0.19485E+01    0.98478E+00    0.16921E+01    0.10529E+01    0.31021E+01
    0.20565E+01    0.12189E+01    0.19088E+01    0.98586E+00    0.16685E+01    0.10557E+01    0.31296E+01
    0.20409E+01    0.12205E+01    0.18666E+01    0.98801E+00    0.16449E+01    0.10587E+01    0.31581E+01
    0.20269E+01    0.12223E+01    0.18258E+01    0.99170E+00    0.16214E+01    0.10621E+01    0.31914E+01
    0.20145E+01    0.12243E+01    0.17844E+01    0.99541E+00    0.15955E+01    0.10673E+01    0.32229E+01
    0.20011E+01    0.12249E+01    0.17459E+01    0.99836E+00    0.15652E+01    0.10753E+01    0.32550E+01
    0.19914E+01    0.12255E+01    0.17061E+01    0.10032E+01    0.15290E+01    0.10852E+01    0.32892E+01
    0.19811E+01    0.12262E+01    0.16652E+01    0.10102E+01    0.14925E+01    0.10973E+01    0.33266E+01
    0.19716E+01    0.12267E+01    0.16246E+01    0.10195E+01    0.14541E+01    0.11149E+01    0.33586E+01
    0.19598E+01    0.12287E+01    0.15773E+01    0.10357E+01    0.14106E+01    0.11417E+01    0.33780E+01
    0.19464E+01    0.12322E+01    0.15257E+01    0.10606E+01    0.13536E+01    0.11834E+01    0.33951E+01
    0.19361E+01    0.12354E+01    0.14775E+01    0.10918E+01    0.12834E+01    0.12424E+01    0.34030E+01
    0.19290E+01    0.12389E+01    0.14290E+01    0.11294E+01    0.12294E+01    0.12953E+01    0.33971E+01
    0.19248E+01    0.12413E+01    0.13955E+01    0.11583E+01    0.11976E+01    0.13282E+01    0.33942E+01
    0.19223E+01    0.12437E+01    0.13605E+01    0.11912E+01    0.11753E+01    0.13517E+01    0.33940E+01
    0.19204E+01    0.12460E+01    0.13175E+01    0.12328E+01    0.11573E+01    0.13700E+01    0.33931E+01
    0.19167E+01    0.12483E+01    0.12672E+01    0.12828E+01    0.11280E+01    0.14033E+01    0.33896E+01
    0.19077E+01    0.12517E+01    0.12013E+01    0.13581E+01    0.10896E+01    0.14488E+01    0.33769E+01
    0.18990E+01    0.12550E+01    0.11397E+01    0.14416E+01    0.10600E+01    0.14907E+01    0.33701E+01
    0.18886E+01    0.12575E+01    0.10975E+01    0.15166E+01    0.10404E+01    0.15251E+01    0.33646E+01
    0.18765E+01    0.12602E+01    0.10689E+01    0.15852E+01    0.10260E+01    0.15583E+01    0.33532E+01
    0.18630E+01    0.12628E+01    0.10516E+01    0.16487E+01    0.10159E+01    0.15890E+01    0.33350E+01
    0.18536E+01    0.12648E+01    0.10432E+01    0.17047E+01    0.10108E+01    0.16142E+01    0.33202E+01
    0.18437E+01    0.12663E+01    0.10374E+01    0.17620E+01    0.10050E+01    0.16419E+01    0.33021E+01
    0.18339E+01    0.12681E+01    0.10344E+01    0.18205E+01    0.10022E+01    0.16650E+01    0.32830E+01
    0.18260E+01    0.12694E+01    0.10325E+01    0.18754E+01    0.99886E+00    0.16912E+01    0.32617E+01
    0.18205E+01    0.12698E+01    0.10312E+01    0.19367E+01    0.99587E+00    0.17184E+01    0.32421E+01
    0.18154E+01    0.12708E+01    0.10299E+01    0.19990E+01    0.99436E+00    0.17411E+01    0.32245E+01
    0.18098E+01    0.12719E+01    0.10289E+01    0.20611E+01    0.99374E+00    0.17615E+01    0.32086E+01
    0.18038E+01    0.12730E+01    0.10275E+01    0.21269E+01    0.99308E+00    0.17822E+01    0.31897E+01
    0.18001E+01    0.12732E+01    0.10265E+01    0.21958E+01    0.99178E+00    0.18028E+01    0.31675E+01
    0.17982E+01    0.12729E+01    0.10256E+01    0.22643E+01    0.98977E+00    0.18228E+01    0.31529E+01
    0.17951E+01    0.12739E+01    0.10255E+01    0.23307E+01    0.98947E+00    0.18444E+01    0.31466E+01
    0.17931E+01    0.12745E+01    0.10250E+01    0.24071E+01    0.98876E+00    0.18638E+01    0.31311E+01
    0.17896E+01    0.12753E+01    0.10252E+01    0.24878E+01    0.98820E+00    0.18798E+01    0.31044E+01
